15914612338
0
832969262
-929617945
-1491613700
652973577
-525757960
820141809
496490889
1632771869
-143268052
-209676327
-1534358245
863466429
-855526860
-1324361210
-1759582358
-1465216487
1085452058
1984733425
832969262
929617945
17847478599
0
-1354951114
-1681178531
-105169021
207238679
2547559806
-709877049
992588158
714381803
120621855
-98766975
744950242
-1654630386
-544308429
-2399479673
-659184491
2344177647
-1491613700
-652973577
-1354951114
1681178531
16841674254
0
-874125386
-1120569455
1891813725
354478177
1895867053
1719716263
-1654419153
-630823175
135630096
435885418
2124083541
1470657081
1244345793
-2984829879
-525757960
-820141809
-105169021
-207238679
-874125386
1120569455
17169016850
0
-1209022694
1011135191
-1827715785
353717200
-2002278359
215631992
265676271
-43439524
-920086588
1279735883
-253889737
-1104884386
496490889
-1632771869
2547559806
709877049
1891813725
-354478177
-1209022694
-1011135191
18823420501
0
3062448960
-163895575
-1115109475
1310975174
1426880783
538800270
1150364802
96425752
410786833
-2355332386
-143268052
209676327
992588158
-714381803
1895867053
-1719716263
-1827715785
-353717200
3062448960
163895575
17476305312
0
1668181676
435441010
-428321336
63905299
250774731
989700688
-501782843
336688810
-1534358245
-863466429
120621855
98766975
-1654419153
630823175
-2002278359
-215631992
-1115109475
-1310975174
1668181676
-435441010
17219843380
0
-691405956
-399989658
-2850145703
-986064153
524439417
-253244975
-855526860
1324361210
744950242
1654630386
135630096
-435885418
265676271
43439524
1426880783
-538800270
-428321336
-63905299
-691405956
399989658
18763555561
0
148851930
-1751829449
512190112
1435675629
-1759582358
1465216487
-544308429
2399479673
2124083541
-1470657081
-920086588
-1279735883
1150364802
-96425752
250774731
-989700688
-2850145703
986064153
148851930
1751829449
16718689391
0
-1192401230
1782518276
1085452058
-1984733425
-659184491
-2344177647
1244345793
2984829879
-253889737
1104884386
410786833
2355332386
-501782843
-336688810
524439417
253244975
512190112
-1435675629
-1192401230
-1782518276
19650527769
0
20070171471
0
1112959037
-2285820637
-569775411
-378361927
-2876754403
-367712946
-680745833
169544129
2708079550
-885122120
-1266116333
368466285
1121709458
-1509488723
-1923155794
2090733169
840425732
-757296101
1112959037
2285820637
19027726675
0
-546495032
-1382333137
-919364713
-2795380867
-862688702
627153434
1038634158
1221713281
85717997
-114341775
-645536885
299216083
-3645839598
-190921025
670371070
-345518331
-569775411
378361927
-546495032
1382333137
18062495154
0
-1762837787
-523221487
800489611
-61778925
390104536
796408334
-165462781
2598329853
-738008479
-2515653199
406913575
-747168177
1292805131
496777696
-2876754403
367712946
-919364713
2795380867
-1762837787
523221487
18101387808
0
1052680560
2225233883
-194519264
535793311
1987629391
-254557443
-1644120978
1251800020
-306438540
-2276530353
-696711764
1752482911
-680745833
-169544129
-862688702
-627153434
800489611
61778925
1052680560
-2225233883
18695822772
0
-2077259645
-1062235321
2650015502
865556788
642242038
-273516845
-2054562663
-2803247638
-611056778
296519047
2708079550
885122120
1038634158
-1221713281
390104536
-796408334
-194519264
-535793311
-2077259645
1062235321
17399473340
0
-1606036623
-579116584
772239645
-537989467
188116960
1691324061
691585863
-909808729
-1266116333
-368466285
85717997
114341775
-165462781
-2598329853
1987629391
254557443
2650015502
-865556788
-1606036623
579116584
18569978408
0
-1370266666
-38890672
-1780601142
680670191
-741364701
562874073
1121709458
1509488723
-645536885
-299216083
-738008479
2515653199
-1644120978
-1251800020
642242038
273516845
772239645
537989467
-1370266666
38890672
21216637536
0
495454886
27765156
482301234
2501092265
-1923155794
-2090733169
-3645839598
190921025
406913575
747168177
-306438540
2276530353
-2054562663
2803247638
188116960
-1691324061
-1780601142
-680670191
495454886
-27765156
19426899452
0
460987216
-1308650931
840425732
757296101
670371070
345518331
1292805131
-496777696
-696711764
-1752482911
-611056778
-296519047
691585863
909808729
-741364701
-562874073
482301234
-2501092265
460987216
1308650931
14831468297
0
17445010823
0
1077739382
623803559
-861397626
-653813817
-1368587136
-1328062196
186734698
-824107708
51123471
-312452182
-1499448381
804185028
798394174
-875890535
-2112931780
2311141666
821171490
-1093330408
1077739382
-623803559
17846057918
0
-986176017
-1106550623
2661283879
-889975568
-1317775235
-1272095585
-1868416274
1636015118
828492703
312104405
1268330418
1292422494
-1082813285
-890324434
2132499255
726429453
-861397626
653813817
-986176017
1106550623
17898931778
0
-918860068
749197130
-431372607
1024684631
425573605
-1812108669
-918631402
-338350987
-995441492
-1659231486
-596559694
-226222304
-1785037110
2516724745
-1368587136
1328062196
2661283879
889975568
-918860068
-749197130
16294179910
0
948335410
158889411
-563329434
770111301
-1655074548
-1320172036
-569137872
1554626348
633902938
469597877
-1355587413
489731179
186734698
824107708
-1317775235
1272095585
-431372607
-1024684631
948335410
-158889411
17141691423
0
-129311837
1445141670
-1265926749
583269803
-1893070347
1560451067
307530598
488090240
-331843755
509893470
51123471
312452182
-1868416274
-1636015118
425573605
1812108669
-563329434
-770111301
-129311837
-1445141670
17326541225
0
907878371
-676353877
493976453
-540628156
472528829
2151304142
1134679228
-292309084
-1499448381
-804185028
828492703
-312104405
-918631402
338350987
-1655074548
1320172036
-1265926749
-583269803
907878371
676353877
18497644324
0
1372884779
-1237312716
-550071456
-1484048079
-115597611
-21849644
798394174
875890535
1268330418
-1292422494
-995441492
1659231486
-569137872
-1554626348
-1893070347
-1560451067
493976453
540628156
1372884779
1237312716
17166301950
0
-237615585
494722750
-765509967
6350342
-2112931780
-2311141666
-1082813285
890324434
-596559694
226222304
633902938
-469597877
307530598
-488090240
472528829
-2151304142
-550071456
1484048079
-237615585
-494722750
19362576628
0
-1063160936
-802949722
821171490
1093330408
2132499255
-726429453
-1785037110
-2516724745
-1355587413
-489731179
-331843755
-509893470
1134679228
292309084
-115597611
21849644
-765509967
-6350342
-1063160936
802949722
18647417789
0
17671745854
0
1244043279
-678621489
-196856333
-446796750
-586030070
-671887620
2156189997
3525054022
-1489259846
1725163547
-146750069
1021727571
-756792732
699155233
-4082357664
179223254
-3244247594
39947118
1244043279
678621489
17080202465
0
-1541231231
-869874737
64486795
2022598063
-435123676
1128195004
-508213549
1481336248
-313088893
-460871014
1077771981
-1327968170
1170666563
794338841
-1096926198
-874331841
-196856333
446796750
-1541231231
869874737
15873390539
0
-1028995371
-1003768420
2367005455
-1495044440
-509404143
-627570511
1791987307
-704373418
638358652
2252516461
-2833052005
407686750
399217105
2004746933
-586030070
671887620
64486795
-2022598063
-1028995371
1003768420
17591759455
0
338838773
-102416706
1929616092
974055484
1035521633
457219544
360415072
-1706651093
1360248526
-808892661
-2222580737
-113686638
2156189997
-3525054022
-435123676
-1128195004
2367005455
1495044440
338838773
102416706
16490012238
0
-1429623898
1329170729
1779387908
665034711
-76762345
2183820955
77862854
2226103968
491452883
1305361442
-1489259846
-1725163547
-508213549
-1481336248
-509404143
627570511
1929616092
-974055484
-1429623898
-1329170729
16956627552
0
860799875
-441503981
-1236530617
-1844355864
193766221
-1779306440
238690604
-906336250
-146750069
-1021727571
-313088893
460871014
1791987307
704373418
1035521633
-457219544
1779387908
-665034711
860799875
441503981
16093002388
0
1328287763
-122220443
784543288
2120690810
-666674965
534578916
-756792732
-699155233
1077771981
1327968170
638358652
-2252516461
360415072
1706651093
-76762345
-2183820955
-1236530617
1844355864
1328287763
122220443
17180146815
0
-581006265
1043913934
-40988770
811746427
-4082357664
-179223254
1170666563
-794338841
-2833052005
-407686750
1360248526
808892661
77862854
-2226103968
193766221
1779306440
784543288
-2120690810
-581006265
-1043913934
17852235438
0
3591176520
49103707
-3244247594
-39947118
-1096926198
874331841
399217105
-2004746933
-2222580737
113686638
491452883
-1305361442
238690604
906336250
-666674965
-534578916
-40988770
-811746427
3591176520
-49103707
19198686131
0
16523851307
0
-185438377
-2034871609
716001912
2632624729
-1260801484
-421165649
-1799637441
-89649813
-630512240
229910980
-639503726
-1226664745
-2932248924
-610997478
112827602
661176298
2095639799
22346729
-185438377
2034871609
17460547154
0
-461484864
-468439227
1311211804
247858898
-422992729
-81816938
-235058583
-111438237
-1323766244
-1455768582
859007215
-219334212
1858099386
-432310178
968839185
-760525400
716001912
-2632624729
-461484864
468439227
17051813246
0
-1316548772
-405794813
1961358590
-411505430
-859526040
-1043349533
-246690287
1906295274
-105950957
-151461249
-1918877653
-208979191
1595901897
-1998484536
-1260801484
421165649
1311211804
-247858898
-1316548772
405794813
17688658025
0
1079611697
1063782505
-2530246442
-342699198
723633292
-1042642965
-2023681731
-2756963298
-1211586688
-1674854113
1677768834
-125460868
-1799637441
89649813
-422992729
81816938
1961358590
411505430
1079611697
-1063782505
18287334646
0
273848462
1240927944
-1127034010
-973867217
-595807239
-848900093
-1232290429
-1384254739
760852600
69579651
-630512240
-229910980
-235058583
111438237
-859526040
1043349533
-2530246442
342699198
273848462
-1240927944
15470604132
0
-573184079
1102906766
1142942767
306508915
1150470839
89834632
-1021529110
-281047842
-639503726
1226664745
-1323766244
1455768582
-246690287
-1906295274
723633292
1042642965
-1127034010
973867217
-573184079
-1102906766
16920524232
0
645710372
-1130299542
507529037
971330893
-833058064
1914164035
-2932248924
610997478
859007215
219334212
-105950957
151461249
-2023681731
2756963298
-595807239
848900093
1142942767
-306508915
645710372
1130299542
17329902541
0
1097429005
-3311366691
-819641560
75570370
112827602
-661176298
1858099386
432310178
-1918877653
208979191
-1211586688
1674854113
-1232290429
1384254739
1150470839
-89834632
507529037
-971330893
1097429005
3311366691
16641298005
0
-59438985
1507238828
2095639799
-22346729
968839185
760525400
1595901897
1998484536
1677768834
125460868
760852600
-69579651
-1021529110
281047842
-833058064
-1914164035
-819641560
-75570370
-59438985
-1507238828
19179178078
0
16694372836
0
2277253531
430864441
1150191594
2018058591
-626781649
290098360
152128570
1004154545
762436833
-471617386
-440379591
-1605957841
-137823928
1639288121
-2522387
-54210742
296361704
538146943
2277253531
-430864441
18372494011
0
319533533
804311981
592008400
730227861
1321466224
-320052461
-101684133
562306686
-438194080
304923733
-651611452
-82158625
450800774
-1185995172
-1211704764
884174353
1150191594
-2018058591
319533533
-804311981
17445543530
0
-2600499677
-496269460
1436361724
367027206
1181412210
1115496654
906186106
604262871
-1214873579
301102744
-801094523
-219323853
-1250731954
-84105922
-626781649
-290098360
592008400
-730227861
-2600499677
496269460
17717791157
0
-1397218520
851116350
1506211943
-1530350225
-854003517
-156536741
91483654
719346634
-744572835
-807804012
-819788042
2192509969
152128570
-1004154545
1321466224
320052461
1436361724
-367027206
-1397218520
-851116350
16711452208
0
1112671174
-2311339259
-1270712890
1253361740
-65916814
-1350708588
1276246144
-1872765045
-1352844555
294378293
762436833
471617386
-101684133
-562306686
1181412210
-1115496654
1506211943
1530350225
1112671174
2311339259
16737365039
0
-385160308
-574341855
1245546411
160916850
-637580831
247684944
-106508661
807449289
-440379591
1605957841
-438194080
-304923733
906186106
-604262871
-854003517
156536741
-1270712890
-1253361740
-385160308
574341855
17482913025
0
818469278
-843176455
398665496
1393809584
-574431485
-1284026799
-137823928
-1639288121
-651611452
82158625
-1214873579
-301102744
91483654
-719346634
-65916814
1350708588
1245546411
-160916850
818469278
843176455
16698276725
0
236560295
-602992043
-1373592206
-593502719
-2522387
54210742
450800774
1185995172
-801094523
219323853
-744572835
807804012
1276246144
1872765045
-637580831
-247684944
398665496
-1393809584
236560295
602992043
15344188425
0
-1501747589
470470169
296361704
-538146943
-1211704764
-884174353
-1250731954
84105922
-819788042
-2192509969
-1352844555
-294378293
-106508661
-807449289
-574431485
1284026799
-1373592206
593502719
-1501747589
-470470169
16261044666
0
17388428624
0
655033754
-1601153122
-851180571
-149985881
-770445780
771358840
7703518
917552158
-1141715849
2690758209
-567826433
181532936
1912614114
-1511114596
1206392116
1335582452
-1455710618
2006747584
655033754
1601153122
17177422965
0
-1526385597
-1825801019
409796894
-2370615567
190553182
-36995187
617609051
814276805
-3427390396
-1159707263
-360603453
309232188
520810106
-1672229193
-1765608672
-301030133
-851180571
149985881
-1526385597
1825801019
17897169387
0
411265646
-239173847
-343504721
1751509046
1053823812
-2840662001
2029605124
-2194528041
1107215464
-905115110
1365466401
1771774110
-920227662
3890655
-770445780
-771358840
409796894
2370615567
411265646
239173847
18100241903
0
824472939
-1037425253
-252756503
-813942345
1337709452
-1011501870
1341470696
1665833645
1905874837
-778436135
893949562
-605704981
7703518
-917552158
190553182
36995187
-343504721
-1751509046
824472939
1037425253
17786940838
0
-825634153
-842386741
-2161146591
-219696868
730556012
-333658705
71498591
-1996720542
275514949
1066470553
-1141715849
-2690758209
617609051
-814276805
1053823812
2840662001
-252756503
813942345
-825634153
842386741
18923400608
0
460061390
985152950
-101684964
684166858
-414525073
1468379557
-59419685
-295566026
-567826433
-181532936
-3427390396
1159707263
2029605124
2194528041
1337709452
1011501870
-2161146591
219696868
460061390
-985152950
16758710903
0
-1293130231
2015790070
-559542745
556079246
1869953960
325650938
1912614114
1511114596
-360603453
-309232188
1107215464
905115110
1341470696
-1665833645
730556012
333658705
-101684964
-684166858
-1293130231
-2015790070
15910085423
0
1126339792
786380892
-891443057
-1227630980
1206392116
-1335582452
520810106
1672229193
1365466401
-1771774110
1905874837
778436135
71498591
1996720542
-414525073
-1468379557
-559542745
-556079246
1126339792
-786380892
17299224530
0
-880178873
1003560056
-1455710618
-2006747584
-1765608672
301030133
-920227662
-3890655
893949562
605704981
275514949
-1066470553
-59419685
295566026
1869953960
-325650938
-891443057
1227630980
-880178873
-1003560056
17366172843
0
18049686957
0
1385560146
-2648352600
222635730
1849188951
-1837974724
-874052521
852485136
-8489237
502215256
463636362
73496739
1378204521
2701590073
-173072529
1925116189
-1134798927
870962249
-1293604925
1385560146
2648352600
18408902150
0
145876679
3215427819
-1995350597
979034376
-1082761308
34933357
-504588678
-1136777394
1840179862
-362072986
-284267328
1044626656
1214438398
-1757604133
580228968
-267441149
222635730
-1849188951
145876679
-3215427819
19433298406
0
608143013
739930449
765738611
-1192794373
-1919042302
-608132173
952548734
-2187919069
744457924
-2685845200
-1380821276
-699369273
684532719
729076609
-1837974724
874052521
-1995350597
-979034376
608143013
-739930449
17929396512
0
-2897671878
-901749845
560798766
-1708677343
-1029779409
-122345282
-2029590642
-398806956
912372827
1101268418
-2256691212
181381133
852485136
8489237
-1082761308
-34933357
765738611
1192794373
-2897671878
901749845
19697006901
0
329053840
1746712867
-1810723655
-338808888
2813745041
1006554384
-672155910
-1021930922
-56550842
-331049703
502215256
-463636362
-504588678
1136777394
-1919042302
608132173
560798766
1708677343
329053840
-1746712867
18704612807
0
-1432456942
509789004
1343105222
1231047778
724513142
-589714713
2063344070
-1268581912
73496739
-1378204521
1840179862
362072986
952548734
2187919069
-1029779409
122345282
-1810723655
338808888
-1432456942
-509789004
19737905898
0
385437940
-1354710688
-531672559
121368652
-2814504851
-559361737
2701590073
173072529
-284267328
-1044626656
744457924
2685845200
-2029590642
398806956
2813745041
-1006554384
1343105222
-1231047778
385437940
1354710688
17576423086
0
-2121642456
-695872083
-393607298
-1111337851
1925116189
1134798927
1214438398
1757604133
-1380821276
699369273
912372827
-1101268418
-672155910
1021930922
724513142
589714713
-531672559
-121368652
-2121642456
695872083
18941582966
0
18652058
245796056
870962249
1293604925
580228968
267441149
684532719
-729076609
-2256691212
-181381133
-56550842
331049703
2063344070
1268581912
-2814504851
559361737
-393607298
1111337851
18652058
-245796056
16537365186
0
17445304478
0
-571503914
56119780
287252217
511934780
-1610045093
1811857025
-990156833
440603471
1976965969
-615348825
-408848755
2252061909
402105168
837635155
2725638313
374697650
-1693773102
-1562017009
-571503914
-56119780
18566097333
0
-1267901778
-273196868
-787938659
-623168475
-71218931
-480807837
-1744557349
-2356754897
450094131
-164435237
-1344813145
1332605907
1444655233
363153827
-1257367544
408660460
287252217
-511934780
-1267901778
273196868
18510261322
0
3741093516
-2479007122
-4070441789
2471617211
319970644
1398449528
249194646
570306630
-354924052
-290459465
-28890807
1727439121
334210289
-1721638015
-1610045093
-1811857025
-787938659
623168475
3741093516
2479007122
19695966364
0
-2117723686
488264237
-1191817381
2624083005
-204733680
-572084837
-1452664435
-573787798
189947393
1073582197
-862654526
1777359593
-990156833
-440603471
-71218931
480807837
-4070441789
-2471617211
-2117723686
-488264237
17965506191
0
-1731055524
-1194664246
-1181883396
526461978
2875145896
-478702951
-1480035685
-2031142647
-619565575
262648621
1976965969
615348825
-1744557349
2356754897
319970644
-1398449528
-1191817381
-2624083005
-1731055524
1194664246
18573229394
0
-432639252
1425687610
445262999
2190096078
1335466773
1482722044
1338844939
-370838762
-408848755
-2252061909
450094131
164435237
249194646
-570306630
-204733680
572084837
-1181883396
-526461978
-432639252
-1425687610
15877884003
0
1108382272
666269360
-798043109
-2387517054
-791337462
699497790
402105168
-837635155
-1344813145
-1332605907
-354924052
290459465
-1452664435
573787798
2875145896
478702951
445262999
-2190096078
1108382272
-666269360
18062979808
0
-3811673384
-2968778724
80936744
-1175410121
2725638313
-374697650
1444655233
-363153827
-28890807
-1727439121
189947393
-1073582197
-1480035685
2031142647
1335466773
-1482722044
-798043109
2387517054
-3811673384
2968778724
17264371340
0
335326389
575415862
-1693773102
1562017009
-1257367544
-408660460
334210289
1721638015
-862654526
-1777359593
-619565575
-262648621
1338844939
370838762
-791337462
-699497790
80936744
1175410121
335326389
-575415862
17687210314
0
19650403503
0
-2166285581
-108353387
269846425
-1252967450
2143245552
-356536846
-354041394
-1847924268
890276430
237560836
-766693568
205458774
-814327300
-1296068597
431373994
1291286242
-2459266889
372424748
-2166285581
108353387
18382158875
0
205763999
3729278276
460995721
-238177039
-1346565118
357579325
378172027
651617939
-629790448
-224009001
-154669509
-1979064685
535379101
-868056563
-323562169
-1541108581
269846425
1252967450
205763999
-3729278276
18535857481
0
-649580100
-231069023
-197138010
2077254139
875681314
621561414
2221076852
491022064
5094240
1065375968
927260863
2018940517
125095327
-57313289
2143245552
356536846
460995721
238177039
-649580100
231069023
17348899276
0
-70806216
172916285
838827238
-262546542
1344609920
-95361805
-667473524
-195282090
-931106516
-1248009526
-1478526401
582752470
-354041394
1847924268
-1346565118
-357579325
-197138010
-2077254139
-70806216
-172916285
19634332815
0
3205122054
240562201
-2603307763
1403705246
-866246652
1502234413
-1830989310
583210938
318992099
615691559
890276430
-237560836
378172027
-651617939
875681314
-621561414
838827238
262546542
3205122054
-240562201
18147325464
0
-743101271
-1748307213
-1009098929
788185766
-1236764746
494829190
-11655817
-637212052
-766693568
-205458774
-629790448
224009001
2221076852
-491022064
1344609920
95361805
-2603307763
-1403705246
-743101271
1748307213
18475980104
0
373310571
626074684
1454073514
-874481278
-1035170392
664254166
-814327300
1296068597
-154669509
1979064685
5094240
-1065375968
-667473524
195282090
-866246652
-1502234413
-1009098929
-788185766
373310571
-626074684
18384724371
0
625284203
663562401
699711328
-626191937
431373994
-1291286242
535379101
868056563
927260863
-2018940517
-931106516
1248009526
-1830989310
-583210938
-1236764746
-494829190
1454073514
874481278
625284203
-663562401
17108562594
0
-788701868
-1049977676
-2459266889
-372424748
-323562169
1541108581
125095327
57313289
-1478526401
-582752470
318992099
-615691559
-11655817
637212052
-1035170392
-664254166
699711328
626191937
-788701868
1049977676
19361347719
0
