0.34488994865201844
-0.11018962668159103
-0.1806521901791405
0.36492706393628604
0.20150684160839719
0.16661882238220024
-0.056206286763187799
-0.02942068051163264
0.23956883994721642
0.12459218291897234
-0.12965634972737689
0.31908727544689097
0.37505534958119607
-0.21023299106459428
0.34333491819825712
-0.032040158327687675
0.13099008347681898
0.25179353718887365
0.0084080988861188061
-0.23402517992291721
-0.16308492656389861
0.13534802923410319
-0.32796669902145625
0.091965641350487529
0.04443501531253928
-0.25309888207383369
0.053557460015323077
-0.16544417267808981
0.27113181227512617
0.027028161956405609
0.36055318573059086
-0.38776444873906252
-0.035583462978869676
-0.21298646925242321
-0.12063631005306846
-0.16634717742409361
-0.094413083549770557
0.39479110291348174
0.34883421717347451
-0.11346702487346927
0.020120474753506316
-0.23470207743616259
-0.042204816021145168
0.075006914839712821
-0.45082722413512755
-0.0071400175163360393
-0.038773915208417123
0.13648628244643357
0.13526075644022631
-0.12145083905616105
0.045070178614891182
-0.25815482827983299
0.39108324026580532
-0.3755114050810397
-0.0084336662250366519
0.33973711928825118
-0.05672414846478406
-0.028967160199117339
-0.14069475305355394
0.42267555283440655
-0.55302236822314332
0.047602582252366243
0.086378323018344805
0.097156612027929287
-0.029516059257541947
0.2172536019490989
0.3813976711177412
0.085765848433636965
-0.11503175992806484
0.14457286355362414
-0.14204135565729412
-0.046838434201009548
0.39801028509820396
0.075849369179844889
-0.17631723119301496
-0.25810542340527998
0.2442312823169879
0.23015633764193599
-0.20569547443652123
-0.028340110657680207
0.18502524361898318
0.19863711404893794
0.16674780189454178
-0.10167927251505281
-0.22945153663031695
0.33400072244428919
-0.1033008099885306
0.11094833471129455
0.43910359950595018
-0.25669608375932546
0.14572606893640835
0.1921163018619082
-0.028979359211975135
0.29940622526965222
-0.12533640265993304
-0.27017884729795322
0.12627836732078501
0.25585080087841722
0.13273262693089802
0.32544928573483728
-0.34406683556575818
-0.22191317600837604
0.08616137516149644
-0.099279384419942787
0.3180661110578592
-0.22779151866037986
-0.37430491311369651
-0.27422022773247284
0.21171671139093021
-0.26924195010297819
-0.44238270899845122
0.034937513085274131
0.19914452378594302
0.13768354234563659
-0.028857836822189904
0.036567842770947795
-0.095684119809085588
0.096358310001967512
0.14240333074421127
0.18164195277423423
-0.16990489298872594
0.11099376852551092
-0.10488464641200207
0.42783808670497669
-0.19508665026101912
0.257267921959554
-0.093073039005232561
-0.28118592568869633
-0.011241880443595285
-0.28030830431589893
0.12203393233668555
0.1170010626244673
0.14978559996166979
0.053387057986931823
-0.10746191841417171
-0.17975077953633428
-0.42770033331028623
-0.42283143073748608
0.020511559498407009
-0.18502191709929611
0.12754799978959808
-0.14962111307268242
-0.059694453914963051
0.21974461791586014
0.060399077079654702
-0.097398496433105913
0.15471654542246652
0.40992616053176767
0.15640713131025805
0.192527671936429
-0.3420085569160673
0.16291522554396218
-0.12259205613757018
-0.11475619779837741
-0.59357886864422438
-0.065988557553593674
-0.22692228380107043
-0.090279436566895854
0.22988659622806173
0.044286537847065571
-0.18804329287022331
0.068573300236720383
0.0079770390691180845
0.56530086968490156
0.20768172387814651
-0.016202206315124378
-0.19968336744425877
0.16006421959283779
-0.07547134341269178
0.21600362261384271
0.25102089819024531
-0.034969602928810718
-0.062624987957395795
0.30709297479163655
0.068380176484230115
0.28105663817126014
0.26330455225567023
-0.10735047599412667
0.19693729802978469
0.3365980888937033
-0.27948166669050512
0.14515652076155086
-0.20782859478848298
-0.17240309547813143
0.26719381542811194
0.2545717823675635
-0.1420611892926523
0.43488108531165243
0.46160788923914869
-0.063060160292780401
0.043441508593312042
-0.12917321079088429
-0.092356453868272848
-0.032331643565670198
0.069136086030435556
0.2140055868547269
-0.067152534168097772
-0.17726528607917111
-0.30104863655943281
-0.24506017094925964
0.43226083155629358
-0.021622240033989527
0.16481199610127731
-0.069358069302928649
-0.21575310978549958
-0.076516638353134603
-0.083782912541957688
-0.010134625942369552
-0.14592595829902411
-0.21958095033847141
-0.49221563359844445
0.20890998998563889
0.20483901584435807
0.19412004982303924
-0.10211135587499275
-0.18611039208091382
-0.17954968707936952
0.43172016632450316
-0.12112399791290344
0.088070414214048709
-0.53738221168334988
-0.22556121054015305
0.37767725241270389
0.051891317132848357
0.0065504522287757987
0.12649929359466655
-0.080050711495568513
-0.1947685744238766
0.12518030802658073
-0.36572710626184313
0.055798802303209528
0.13432351631482925
0.081195855391029637
-0.2240269022062297
-0.1662662529773698
-0.12266024863050712
-0.37107398975885336
-0.0079213908058423516
-0.17891497580304327
0.1216511571886634
0.27871904315055862
-0.039707558748831355
-0.062021068182735048
-0.0031675737365049672
0.34708441131427176
0.044398089523730803
-0.36914999055597852
-0.1386479025812184
0.1401017078847949
0.18157043779780774
0.043180590118086247
0.10232415136653562
-0.41663937938387413
-0.21406305446553339
-0.0059436383166872435
-0.43573649969520328
0.052349201214171644
-0.020443585972479722
-0.25452556954160205
0.31106732852196783
0.22357853887373574
0.076255938764663911
0.26094809970511007
-0.077141409852821224
-0.54738993154933813
0.13646397719650158
-0.51836327861326092
-0.042573479228759099
0.036772928545723713
-0.12471227281912409
0.038783366579770023
-0.047127099049931717
-0.075475046160798864
-0.14657226309316548
0.05372990077696916
0.15209356033698512
0.094144922952222168
-0.39479811321800218
0.20567913589046535
0.022788522879133639
0.058144902674088582
0.15497700958478575
0.28584164578221227
0.43331059919229065
0.10055345678724988
0.18126143777929077
0.16124019932204364
-0.11910938840979036
-0.55513210374202038
0.023656657734666728
0.1169715636188078
0.23790208993011561
-0.13059279154179404
0.28903035893483087
-0.067261501455413916
-0.19401183926019669
-0.0092770343278476951
-0.27115179081023116
0.15368749075130744
0.031426871421082872
0.30741213443129206
0.014644306678685215
0.045206203398641502
-0.05622072283166709
-0.26035430473053334
0.025769146276534309
0.30015150241170241
-0.10104949532499292
0.20356655125874112
-0.23759794515502167
0.63968592306436289
0.10556558381076472
-0.28038298342974377
0.085094678589141048
0.042638972986081186
-0.035259710609066526
-0.11199060914885156
0.26836163438570804
-0.11209723617966669
-0.16447374855912197
-0.12702594431530465
-0.10686107015729369
-0.13060080433547289
-0.27338672625555716
-0.27189255696312281
-0.16432436638343065
0.12326411382319045
-0.14121517313252691
-0.24448510909532659
0.14363499107113584
-0.2083447944864685
0.045927160512203642
-0.40988785704241881
0.039671003371905392
-0.38909617406853508
0.062098278014447651
-0.020258526366166613
-0.24274053353299774
-0.40542386332506586
-0.26481659568294763
-0.21042210489203525
-0.3063317613690103
-0.074565017269680942
0.010620572229917438
-0.13665440181250785
-0.43727508482544875
-0.28479450692524882
-0.039077696645308045
-0.32756107389724343
0.09431341257737931
0.13646353961312357
0.083365813685311208
-0.093422821082392568
0.10534383226737645
0.58753677596881382
-0.091935204534704093
-0.16317456793674159
0.12734075324595964
0.03248827552367102
-0.067487246879086499
-0.16368966993174097
-0.039265418126551654
0.54195996474328478
-0.096935236571387876
0.10628541853921153
0.09314120918820612
0.051972234917150882
0.086953756242092034
0.24902527056240031
0.053538027627883199
-0.22202490158015245
0.10795397160810832
-0.30070827661583277
0.30189590970105895
0.29469903616177617
0.15750312220119944
0.42093945217092221
0.12284083605415791
-0.14356702058001133
-0.079819562970112362
-0.11494205746732111
-0.092884867079862987
-0.13304556378434304
-0.22767658138199126
-0.096292734016886872
0.19845053913809121
0.1704909350448354
-0.47427787981734354
0.16204709359688108
0.13116343468781491
-0.23022413423865651
0.034654838280682415
-0.23191419241103292
0.076024674494405711
0.031609350332320381
-0.17187698911819935
-0.10740251466519714
0.10758421009690083
0.62707263395463264
0.043123566721856091
0.32145043006695867
-0.034656291114708297
0.16288425689345815
-0.21000437830558263
-0.15092741084434269
0.22124763615022139
-0.32085784712590887
-0.24363395104601149
0.23929707056310331
-0.31700535676712521
0.13337644735858592
0.00045370041984715517
-0.14005866813076165
-0.42450871555558928
-0.078926510043183143
0.024886713610704991
0.11099990972985629
-0.28382241222731297
-0.18233713788766309
-0.28715469625603979
0.10143226987956516
-0.070657504016935477
0.4441936897466634
-0.096224112702111397
-0.35387695359658211
0.058807189357094267
0.47394466307937311
-0.084006857208305225
-0.1675551418527598
-0.15352572540262455
-0.16789100930513953
-0.15747534996590154
-0.24668483546859252
-0.092136358378524005
0.38121480380439104
-0.070010520209102173
-0.029257601102299163
0.18001763382363728
-0.13027615315132149
0.20820739569499846
0.1342300036903557
0.14849310047030148
-0.23516368548046665
0.3112971864866263
-0.38947394722022988
0.068374787605287021
-0.26011425073378919
0.079855429290777463
-0.40093553632671575
0.19970876181490529
-0.3584630885590912
0.051217307157606917
-0.19299082582281385
0.012886749168370383
0.11663615119363485
-0.0049929000378471124
0.22511325407362268
0.071867301512584275
-0.071452495903154764
-0.36549164449721411
-0.3377916394720718
-0.097266479040556866
0.20292456404391956
0.17231722716500542
-0.29789424200260711
0.025004413225388395
-0.49543940365079364
0.0040201821239313588
0.11144336658169994
0.055506948292954335
0.26825858570603478
0.10302654869007702
-0.11304036792015688
0.0078826705788130648
0.39690579538096216
0.032659772378599981
-0.076037898877520355
-0.062336066370877768
0.36354909408027802
0.24365439247798468
-0.17079847992424724
-0.25890669418061568
0.13492259450336777
0.19423170412352619
-0.20942392452659037
0.19808354289351329
0.060329089825128697
-0.013357168071518379
0.20288230359295834
-0.2086747172873506
-0.50563011514697487
-0.2134499639234553
0.056913982286672694
0.23720179042693226
-0.35632482985154179
0.19835535163504378
-0.094877437295280767
-0.27292303036253884
0.25236356133056642
-0.04505990328317911
0.22051738107242597
-0.3975586122075474
-0.1800966853310684
-0.26335311732198929
-0.30571572607602188
0.057698264437779492
0.17293414902140683
0.10474939890956653
-0.13435420691448183
-0.0040484105250346023
0.34937850425463773
0.011121888425937299
0.34844778060344778
0.30568686186847377
0.19469887232600527
0.2646891561645543
0.092590416619171487
-0.084490976899963502
0.12007138608380048
-0.24626421321106862
-0.042871278198000753
0.27976946899999772
-0.084735996109575482
-0.16267385818572697
-0.21940853881093056
0.31765681957973302
-0.19112112064800907
-0.047864005133991479
0.25713740912077399
0.11440941134805054
0.037933637255364916
-0.26133022069373624
0.09425893655105666
0.17856672980361973
-0.10264919613424928
0.38136609368741714
0.018741728047411449
0.45245801967971572
-0.31503345195786375
0.21995214121905413
0.054888721823658941
-0.38702413126243557
0.065332369723779773
-0.32548983210641091
0.12303500115052984
-0.22420217462812908
-0.13915250585061131
0.17698736494204426
0.35074869110854567
0.38636601627460332
-0.36479521864323716
-0.032946685148089475
-0.092524784902313237
-0.18396272351231449
0.16882341322999758
0.056436811437578241
-0.083680702401302418
0.27683114926526264
0.070211464697867904
-0.22753873397612151
0.37124450157544886
0.1713245322975171
-0.26056298658815802
0.078335551003259909
-0.094055475319033133
-0.063045046805460248
-0.056633878948868045
-0.17777867768315178
0.28411260056390369
-0.098150510627437973
-0.157514664136606
0.05558809410983976
0.10688223321360021
0.27234169274503439
0.30743633451217939
-0.25745998355160526
-0.5784202337326686
-0.092802804715875209
-0.054755718975518092
0.018184189188937189
-0.11636438905443693
0.0067497184247379063
0.30674627910331603
-0.1732708592578252
-0.021764629891040072
-0.38238761232881496
-0.34210001374439541
0.021246886496564581
-0.13293352164916658
-0.11024960932472314
-0.18879429976243436
-0.15709581033188774
0.41960421523685149
0.24775383022321137
0.081018434553852145
-0.20343277201326276
0.2200621408433717
-0.16981024674685513
-0.37716972158138728
0.055252008018694149
0.45764578016075824
0.023357615819925546
-0.2002228846770053
-0.0065566486287602947
0.20405718368185036
0.15964712948048101
0.016076145309582315
-0.26974021079242477
0.047467285175373915
0.36273417848439549
-0.088155194785618507
-0.46606169620994442
-0.1689215559144587
0.082004118699254322
-0.012106183611721501
-0.037839281384633175
0.23316538488518032
0.38474558130369829
0.091115410265796823
0.058214419669657694
-0.040912499580060255
0.036631009558858854
0.49167689499707301
0.11404486436193517
0.35222930862220048
0.30676890998168377
0.013814129962613858
0.30601263368543191
0.17761191131699661
0.029519363294052275
0.15179724720578966
-0.051611996940479951
-0.035502496685624239
0.32513535932025039
-0.012766870659830728
-0.48234637380876905
-0.046282809898292671
-0.021268637360360623
0.087714884815554922
0.14838577075306639
0.14858709156296029
-0.19306235353766135
0.33273578488239924
-0.34014845166048435
-0.33780896419026996
-0.064542806583099424
0.15262549211691964
0.22673177862445901
-0.065948960523051867
-0.071220245350868877
0.17749596293660522
-0.19239179335036125
-0.065639096362295327
-0.01740725577329736
0.26284711663064836
0.0051318523258361802
0.53788720846703608
-0.0235548025469683
-0.27451682569951635
-0.065937868155613227
-0.05724140851894418
0.096073608811892267
-0.37236418750791261
-0.25009553473163498
0.38066333454737977
-0.27548306702321773
-0.23863444862828992
0.0085919035220686744
0.27793718179061927
-0.038742704531308118
0.31305018083094321
0.11014745994307018
0.0072766817429308238
-0.15584500962106732
0.31457375723285325
-0.30842018338063942
0.050649162388806526
0.054727594920858831
-0.30830207978213442
0.023682376317837067
0.19876712772083113
-0.33527958994206758
-0.062377112137831453
-0.1618378372846643
0.069425555250401561
-0.11959990480394067
-0.3860405863962062
0.19992372569881794
-0.39860087436442732
0.15194637411361195
0.15966221892127364
-0.16022261162735033
-0.17447392776473142
0.18061109055224905
-0.04846370851878485
-0.05122918908254373
-0.3335287364228155
-0.21260952660544516
0.073049705766986175
-0.38331074423445677
-0.16532236880871756
0.10570198913867511
0.29275028811691928
0.026988690606383751
0.11698673248416169
-0.36793776291629399
0.044907721576219133
-0.26029193067243539
-0.40777567156213351
0.015457630330335028
-0.47764606208663068
-0.024477792250923672
-0.23511651432610428
-0.0066935288038068525
0.21988743066721603
-0.29796528025173508
-0.085215267802697781
0.11738230961125001
-0.21349187659781924
0.043468830004138287
0.01652113932445726
-0.21144880356620468
0.14922077809208895
0.065384658621077937
0.057658835088021484
-0.12296484347376102
0.27797270191162765
-0.31907046529793975
0.29566124586904058
0.090060749565789244
0.26964828557962711
0.12148864260764074
-0.55684667412405509
0.055368320200140674
-0.28155824112411298
0.14971246318061904
-0.1448882672018936
-0.14295207098074786
-0.30192790237818923
-0.023183751520847399
-0.095815548746757198
-0.22761098747143549
0.13019277486712397
0.096056025280579355
0.069268115227369059
0.28265546750883297
-0.34373621909262014
-0.22509035348279102
-0.23548731063816125
-0.085470535762864105
0.1135708685891033
-0.063993959664832817
0.26679549554123516
-0.28560485552943665
-0.42862776423696697
-0.10029931274782092
0.11766605985222278
0.13431068346970418
-0.44195869061199455
0.076330706890001473
-0.48091003343329164
-0.061789027476426138
-0.15991140944136081
0.18565289582937577
0.14531099128854003
-0.099871206381996466
0.16539976975994816
-0.15059052513017385
-0.33646795899203286
0.17454751816981509
0.35854743953809581
0.073340467090501377
0.010143772167994615
0.24123845293280935
-0.029065000937357623
-0.020076094796527274
0.4483861379758155
0.036203771001691518
0.25173417468451947
-0.14441123717254134
-0.40951751143520188
-0.12628599431311727
0.10934025943082376
-0.19045235165609561
-0.26725536828450508
0.042242801351302962
-0.17943064398782541
-0.11195866809070383
0.30842340832466275
-0.0017065515318230372
-0.017129748835232567
-0.22815926098548156
-0.23556067433066502
-0.36159041558610366
-0.047278253358744651
-0.24768008671365846
-0.056222128176185104
0.20797487784312713
0.39348742433151201
-0.22723983462900413
0.48693629737632144
0.061726800614567381
-0.3906515682491376
-0.13943015782544893
0.11103196430114326
-0.3274827618897978
0.20600829690605324
-0.20657506121383623
0.21560152161496485
0.099179372530994056
0.23934421257740454
-0.35317964304887811
-0.057896579797958363
0.025748853061114303
0.21208263945949357
0.16348038981345292
0.18418735158396948
0.13869091647260653
-0.10401875149653654
-0.065617588193254819
-0.073087204620673182
-0.17104050990183958
0.49958474365944122
-0.087645928657056241
0.011371131641961386
-0.12888781816935199
0.13420205220881964
-0.11713197188289588
0.32475667015085091
0.2366718572758145
-0.22057922665152943
-0.14441157019775377
0.075211754129807462
-0.13984802430295665
-0.081332889663464095
0.14826941951888914
0.32151027925142356
0.054745329259514218
0.41997474101556398
-0.30350786901816446
-0.11995230674430073
0.39010788617374925
-0.24900817120470664
0.23177041102107324
-0.33067084529741031
0.1807262886244399
0.20366815014222647
0.020663636127390191
-0.015393840960322053
0.25617566959395349
-0.18041610340701009
-0.19236028456093715
0.0020516782341690014
0.056209228233566881
0.27396565108792209
-0.049992816601479188
-0.30699877139134946
-0.097537328424063013
0.24984365509518097
-0.38919483550094258
0.26720837708557821
0.31281883661001664
0.17037983397787604
0.16854401493441901
0.066671808593711301
0.23226796292723065
-0.46799417556210515
0.12289130653750781
0.19177996323725682
-0.22379248917018632
-0.0044387866257383588
-0.28602410803727724
-0.13857061534794615
-0.11613132158369437
-0.0097625957293152807
0.44033455580559522
-0.056170709099213623
-0.22329105606237082
0.1287031426395138
0.12587505755756326
0.1495185109502572
-0.12784417842764892
0.23323343270458921
0.1074453723374782
-0.18817492807321309
0.2300710609740754
0.028026991712848229
-0.3699425358040937
-0.58329780744529858
-0.044905980779280326
0.32514057009473357
0.059088397260162843
-0.20798594207516047
-0.06873642573394842
0.18123182309644784
0.1831260949515319
0.20671655468253772
-0.02862880441881234
0.0032311823476194523
-0.24492196738947877
0.13799290323785549
0.28385664895685081
0.031746892205820207
-0.25071822601797839
-0.094710681933606863
-0.089575114982604037
0.02337896256593977
-0.21314792493232801
-0.21677506442397199
0.13913112925555843
-0.46659748492182468
-0.016647449301515606
-0.47568001939300447
-0.27648220118234934
-0.05824313015682632
-0.20838555177406395
0.054588141458220295
0.06837007452501713
0.059825445055738537
0.35838538478213755
-0.19135483580940305
-0.12649791938859969
-0.20235946160317661
0.2382071748631534
0.22740985355943269
0.18337427797069267
0.23292097732878306
0.3285314683531928
0.017704172476929136
-0.051602921407035922
-0.022231412202401046
-0.20747165388138711
-0.55115479593778494
-0.07325839938588817
-0.29759373235042819
-0.02020371603960602
0.28894291340315015
-0.029297006656357202
-0.1506609055459904
-0.2247096893114458
0.41440576223368453
-0.014273824050791147
0.17766235783047857
-0.16788085872306882
-0.41115745342035853
0.051584379296743019
0.27145737786221463
0.29346297457399373
-0.045980592978563647
0.10120821315483017
0.071188070081823762
-0.12128647422680279
0.17024370969659816
0.010151438402843469
-0.36728757280301205
-0.13011265162296934
0.015623181893275214
-0.43516639798766626
-0.18450210747251458
0.0094547544227630391
0.0084164342110488993
-0.12324020869667066
0.1790357167363178
0.097767644132407724
-0.022620637037936417
-0.46611046291126496
-0.1366259932245428
-0.13124058996685825
0.04379812256100634
-0.026371303972752686
0.24384430786575242
-0.089151690099488867
-0.33877713497317291
-0.081050684234934084
-0.25932722019819576
-0.13082506291275378
-0.59838328598434209
-0.018846905152197592
0.022743806537768248
-0.23410575234832748
0.022326911608133992
-0.10014629409401631
-0.019297834045826107
0.26132440412258556
-0.15459295309502608
-0.24336827876427836
-0.073456506081916048
0.24540937588653486
0.032227954883835792
0.44931685785575032
-0.099982227568190293
0.35939821852307757
-0.046570418628080604
-0.34998520390255805
0.1710249180699264
0.40067195681861723
-0.0054355346536397991
-0.0092160752223420777
-0.33887460387582952
0.024008084113386022
0.29535209731303258
0.1253468686877354
0.33911030484592958
0.11960524803383075
-0.10878749902302672
0.29740377076882912
0.066395814599030573
0.20451918116362025
-0.24474412800201312
-0.25749547972601561
-0.10759771341375565
0.28761302533499294
0.14503126406836592
0.1557090734465163
0.33395277215712238
-0.01258561131664036
-0.073047357717857475
0.42950859293925669
0.22731410942473002
-0.047793795836453656
-0.27628060935778159
-0.003119781924196775
0.47215425215971463
-0.062004182062940116
-0.0054099793560988324
-0.070233605050509143
0.091598907542388253
0.087434511895310207
0.18636482844975641
0.078577194941204839
-0.38437762182493163
0.049149328432459893
-0.066615070503737217
-0.32339399243060424
-0.051900721449233828
-0.078985456712648006
-0.10007154397143946
0.27731401963609958
-0.52112151170711918
-0.0915493225832473
-0.022867506652259499
-0.21398058352758978
0.16605214222282327
-0.051755410413529088
-0.30642202628288834
-0.12092122467437157
0.57742665235749469
0.051139236785867702
0.34743700060086363
-0.065874225463430344
0.12899161805481288
0.16137870241221303
-0.16642930334830239
0.2432181395708452
-0.22989723010758711
-0.036480964744547185
-0.12885585111260331
-0.10400667478499868
0.25161993282653594
-0.28174332348934356
-0.089206044859541894
-0.31518604986912602
0.13302165224620241
-0.19164257548723482
-0.37294832149699475
0.052655702892508059
-0.5937539780156309
-0.072423698837613654
-0.16329846604197604
-0.064227939036411372
0.030283115144598138
0.14281909283380356
-0.17755653260877771
-0.17669589733464866
-0.31617052347930175
-0.16097946183031572
-0.13402056481919219
0.072432920225192557
0.26199223498112639
-0.077758914779689367
-0.1451355974343215
0.025186949210484613
0.32776568501775488
-0.20659514807979631
-0.18386831657985925
-0.26090491453226439
0.22926196637594495
0.14801528045340742
-0.53401415130454954
0.012116450478392948
0.1444262245770089
-0.4493726159042461
0.064434364776213213
0.020647188604783359
-0.044137150621400383
0.16427644430641125
-0.11374512401370157
-0.049972991333153235
0.063253985427849199
0.30129556174941668
0.01098183580094189
0.0077939989225803497
0.27763239604429735
-0.0017962919580803689
0.15776519556182594
0.2304829120762141
-0.093822688621659656
-0.16111924535674862
0.089016646680532704
0.46016373707599612
0.39208376927492822
0.16233750542269007
-0.15513341757320595
0.17736619666945336
0.1864373761132786
-0.0071958071774723973
-0.50445036133457111
-0.10447074205419161
-0.10597956748624078
0.20797060707407508
-0.0013752153948911891
-0.42319103584664691
-0.26963833304702872
0.21229015902588394
0.21797995140417548
-0.080720837070390988
0.20178546980041656
-0.17793731156989184
-0.22793502334701424
-0.026982219742985133
-0.050516386997585233
-0.055001368042490853
-0.51628900232037223
-0.040324477620629968
0.05421544043785391
0.13698069326373141
-0.12688756046288344
0.45358882557295893
0.010727086629298317
0.081388571588913008
0.001542421767621137
0.16631447035189373
0.02363351561314949
0.023222737662695662
-0.28892533065956161
-0.21219985220651996
-0.062725818120408228
-0.021057253528755107
0.15710324910303411
0.014194642793868192
0.45028013488607632
-0.049200536728804721
-0.19692342179060016
-0.43785958853289614
0.47739409679008804
0.22275355946262898
0.17233816819446865
0.10618981981406285
0.036727905504761793
-0.24072623737073567
0.39111055376222942
-0.26144607091942612
0.19120419280909845
0.22398547257346907
-0.23636779232405944
0.26767701144424055
-0.024876214009444897
-0.029697758701636229
0.23738973267433211
0.18679136145929195
0.053161695931729452
-0.19979328091841991
0.096858246317491917
-0.035413900838232627
-0.27301385708160664
0.36736246984054632
0.32693884518573324
0.11254642723521817
-0.11723314537153483
0.27479683795388499
0.061642125460229319
-0.46189528389178769
-0.28831556524517227
-0.20816340078065856
-0.32193181435271745
-0.22535542645201492
-0.072494913789905177
0.22618053138178501
0.0092753274413579327
0.056194758391800548
-0.033654935270179251
0.18449777598003017
0.27454640351535642
0.22650155561585575
0.3546956879692621
0.032394229349600512
-0.097164822890847768
0.0018843614761466338
-0.36685693926784185
0.097852890820432428
0.48865478219275721
0.021153377055758829
0.18186142989076959
-0.13382502883889758
-0.10299825332197868
0.04209036021179597
0.16932523624151491
-0.14986525157758249
-0.010438101384378362
0.14507974758677483
-0.14055294420964207
0.41018824193498854
-0.40393543721226144
0.093581000505382345
0.19609123977841819
-0.082563390955143742
-0.29646436478979654
-0.31326223120783592
0.1427994428513143
0.11620278228726968
0.2461595074447975
0.11045587822969222
0.39094594480187572
0.028104869677038954
0.16936029406477671
0.3973687570228816
-0.018259843067823644
0.27465105706555465
-0.32613847708808213
-0.06556483889365472
0.31783373330247067
-0.0087956811677058853
0.38820348469221122
0.18346373276629119
0.08532190308890146
-0.090505323767707174
0.16518682925858366
-0.1016735397084309
0.11342882458360017
0.22167993532473279
0.098011108992653237
0.14097160210432969
-0.21607771457734556
0.39036950939934345
0.62631517978103923
-0.007233035184236597
-0.14369042548481034
-0.26910385256262914
0.11606356991637697
-0.024583356239842917
0.056374390527383737
-0.19034372235754299
-0.1155302936892678
0.10150059966758214
-0.072434471265610173
-0.0041093222029285155
-0.21520573615515953
-0.1358281986449647
-0.075646466652127722
0.36492971932256546
0.11453786681620631
-0.28535161926376129
-0.072383594087270769
0.2571134797045912
0.11775833262555384
-0.10522009772782406
0.504599982813695
-0.074577287380993729
-0.26896753884956059
-0.11528093247493892
0.19823475974749863
0.28050616687932323
-0.022274905218956479
-0.16830946141697323
0.055730183504012987
0.43574095924171163
0.083279938579662011
0.31592342000542989
-0.082910054342719558
0.099780360331881202
-0.078221234238513154
0.046835632007864093
0.21487265707865555
0.026182627713684972
-0.010698644507177963
0.0067998225759921746
0.30494749734906523
0.23725920653168631
0.52699971058499073
0.083802083145625511
0.033596427167856428
-0.086820645894388704
0.079472438204652954
-0.10178704499154544
0.40162399276171568
-0.22712932027661831
-0.20595249345081906
0.30540961853379273
-0.24738321744763092
0.27479535545886852
0.10499248620317655
0.24396788710025283
-0.31921878438682222
-0.12025679557777109
-0.26688426233042351
-0.31698249743899393
-0.045058147861945702
0.24823756178154543
0.034617839829226747
-0.099931795868643661
0.64143166857386258
-0.086142032964345028
-0.13776823224367357
-0.17163326695503306
0.0029462733681643845
0.039240487785609457
-0.079721372540343616
-0.15957251698904198
0.15628186878463821
0.20363550612637346
0.26878586604576449
0.033854507407227473
-0.43976573026232973
0.077320688792794454
-0.22061740329000215
-0.17606014485119423
-0.062012570671646498
-0.18207984179149861
-0.27327771522477678
0.20249210900035233
-0.19969533470255463
0.07461442055016769
0.46720481712682238
-0.032834013149027653
0.20474762948288877
-0.35036578969973814
0.032999954508905811
0.10950254921300666
-0.13550871790448113
0.18428209630242992
-0.094077213296760553
0.26173480255159748
0.080142340698219086
0.1958167550073526
-0.15045070466894073
-0.16942589760511464
0.45337383719858187
-0.21234764371387016
0.27213950321032399
0.20136844610762208
0.099729195715409044
0.084038803674838486
0.36825978789215896
0.33381099321802837
-0.33246413092553506
0.062009517705772052
0.014375324380764708
-0.23983863640981179
0.1204952540902459
-0.10299959788859418
-0.28014458745541376
0.28293197960921906
0.08855582169274212
0.26173046777264092
0.10915497145361408
-0.016598244598751446
0.097634198084784407
-0.046735619392384679
-0.31911699279832856
-0.16542373982036282
0.13229733942692601
0.16986583102880976
-0.014308611651649792
-0.2413463061717793
0.10319348042144387
-0.39351663394278347
-0.40279501544249025
0.040401284512725559
0.090981667482734008
-0.41176225003154143
0.048309497031732207
0.41651122894683251
-0.19233417448635781
-0.065338358542127925
0.15740360567073769
0.20959921073983853
-0.083675579283733398
-0.023722043878475551
0.13701448886344947
0.30702887272304996
-0.044006311316038847
0.12343501372938601
-0.012946034351007158
-0.033251022937557981
0.17713038930534813
0.22505104263967143
0.11088724513531169
0.43629582574859055
0.52848065203265193
-0.1058316050311206
0.25778035148760292
0.19343797854289424
-0.15046547119742634
0.25345936311050277
-0.53386762253357212
0.11632414980630187
0.23496802744741802
0.034656935387875933
0.3701427447499116
0.067416842048044448
0.13866757610320607
0.080263577131682737
-0.035655858436803654
-0.049753427445203433
-0.20406888823067085
0.16337496144670349
0.13181009773634747
-0.1771718179293163
0.053701550045479933
-0.40415472759514692
0.066548730651468727
0.14438186437685893
0.47206560126805158
0.090863103759734679
0.025698159268814341
-0.067854388615795694
-0.3345879942015092
0.13145621466088045
0.26407154847220088
0.14590413716641187
-0.23638031895312148
-0.02692596452126016
0.31232245405410231
-0.12780289003515108
-0.12150544805252282
0.067340294581401436
0.42548326440340672
0.15100511294745153
-0.35072362790292433
0.038514555576647423
-0.071233556703416204
-0.09640154273061903
0.1956698570585052
0.18696067431487465
-0.19707854306723299
-0.2187249035286552
-0.17577689745885855
-0.24197630211374821
0.074905001746343541
-0.43336060857798242
0.028424216525358127
-0.14248291192247886
-0.036940408035241269
-0.29358076247186143
0.18449354938902249
-0.54059082379055901
0.1351157922538469
-0.10853989669340734
0.23913227500326301
-0.14383136581195075
-0.020728842691555765
0.28519875625063712
-0.10965252324222789
0.171179932317015
0.13479901389314486
-0.25890548894818638
0.31710513982793426
-0.074059576642381789
-0.31046660541672361
-0.10067301074307633
-0.077760574961247511
0.26184046320576082
0.16351570737400201
0.13422911975563695
0.1195156345078298
-0.19491024371352236
0.14790049032711741
-0.38070538268566501
-0.48076234134982149
-0.097766628609495185
0.30388592772311407
0.2510400819239359
-0.0088404639099732129
-0.17869024297223593
0.1190617481130747
-0.14540854571847397
0.26232733073680137
-0.16707180132441823
0.29097707911693482
0.02333665458411744
-0.40717510930698808
-0.15497693355506098
-0.43931897122458169
-0.093254081035793843
-0.018702032646218041
-0.22248152665128379
-0.21225236404796005
0.26718328196295316
-0.19382388235451858
0.0018100225774832562
0.1190988858583809
0.24638250838957276
0.31896159037609367
-0.10449987654093504
0.32704651613083974
0.15730950916195027
0.10178613505657949
-0.073625646589264362
0.11001093669382003
0.11134036409798959
0.48287661533082232
-0.0053091275445120208
-0.22040079874417925
0.36562457731229603
-0.10049433944276923
-0.25567418472230413
0.31329780599019469
-0.08800240771311528
0.20302665541759501
0.049238545244448394
0.099625970334916797
0.078339753860316608
-0.23532458344779172
-0.26415953858729474
0.026913550582290065
0.3200478305226746
0.031515790480192644
0.16563123515228487
0.13622001621192464
-0.18395076742971339
0.18613921253601207
0.20158088360472079
0.48764533511545893
-0.095574130164812116
-0.09757731971441011
-0.45577533281552579
-0.15082008414456186
0.30916092609825568
-0.11753801346745017
-0.056515940855837922
-0.57649145386037193
-0.23627945033839143
0.10194690161136705
-0.01233260208454239
-0.030399923286292842
-0.28699966083852774
0.16500997318482488
0.045702163649840019
0.41879249106842015
-0.077842833069960565
0.27255135495361354
0.070062063636049859
-0.11787254060354434
0.096086596687267975
-0.26136367735090332
-0.011775714403890055
-0.18149669802696583
0.039413364263899457
-0.31892464262354442
0.015850200899641974
-0.23054443207566402
-0.29295004150594373
0.011198011450720188
-0.26372072465733959
-0.25959686510402613
0.27245450791629056
0.40989816387509637
-0.32424065951112735
-0.064802378833827917
0.29686731567704705
-0.22048647925973483
-0.21426534855826862
0.15004664227729972
-0.0045936436511094924
-0.024855613149498447
-0.17216725922372889
0.35148152157393925
-0.038697231554034088
-0.030032459700305936
0.10487323140521058
0.034233196387043134
-0.0094247233391226877
-0.43455079550824766
-0.16903417902195791
-0.17082301586762783
-0.0055335625653767963
-0.41791128640251907
0.02857393535147491
0.042482060600934395
0.17264043201486073
0.29770281475258265
-0.24774589662746405
-0.27099427685251559
0.0088308479877371154
0.28515469276975042
-0.10594826248261034
0.21894352868637534
-0.049161024451609962
-0.41962296889562678
0.050495678102078639
0.63969316571168788
0.0064701257423458967
-0.22984502604618634
-0.20774503155681534
-0.027086352409550811
0.13983909103626471
0.17170378415776777
0.0070671609664945106
0.042907573137363687
0.18527944319722592
-0.19688545766490584
0.084177023386981728
-0.08659051012515577
-0.0087051675352905287
0.35495862142096574
-0.31705092605293167
0.25555796371434636
-0.01615694249362697
-0.11416926422057999
0.22411591827420835
0.058692800841861681
-0.33901629321805371
0.47686209758386688
-0.0018166063009370439
0.080820439846086861
0.086828042557991883
0.13556344370271992
0.15570810485244557
-0.1904097621524182
0.14466672664887922
-0.36616266298915723
-0.12232802924843439
-0.15717129769396954
-0.24528501060901819
0.071542468376910903
-0.1871498276038257
-0.055925529206841781
0.12673740001703496
0.21982096892904429
-0.44585089956459761
0.062543418622683297
-0.11571713962001567
0.24176981083219651
-0.18489431618684982
-0.41884727470973732
-0.030912307483321876
-0.21089024528595027
0.32700413338729362
0.21284348333923331
-0.20712373929961198
0.020832355310002111
0.24581237393661332
-0.07808953823327372
-0.18566689716340515
-0.23692106143200301
-0.08682999685679281
-0.0046877444218571722
0.42115437958341329
0.058022906027965351
0.35805467363341004
-0.11973440693503218
0.23271601480102189
-0.12704258827721468
0.080331827928000005
-0.32597507197344766
-0.29281738125130824
0.43956668475950311
-0.043925906651282001
-0.071993067010534442
0.12046848968906392
-0.2925935315716478
-0.1390128366437938
0.33220975183888063
-0.1392425318014231
-0.38709795106068068
-0.20999807099941406
0.23136184530016135
-0.019883732369244417
0.13425194340707963
0.038594252484075164
0.029366428805931696
-0.027179640365723085
-0.29235355218075421
-0.06209230027759411
0.38768910903026926
0.12906161586585232
0.10430689048899978
0.24692705276437904
0.46166210497254517
0.19456766277716095
-0.13842266838350625
0.075619319073710112
0.37160422277969063
-0.22384902452298763
-0.047321662662478524
0.28884300529435092
-0.14420280924915224
0.27398489143433236
0.12541931275064905
-0.094513027476758812
-0.35135399488246882
-0.17866893448258916
-0.18856486124734856
0.39516314524543839
-0.23581850033046764
0.29138184353430358
0.1092290487165006
-0.11054283472030153
0.034033260854682862
0.17236603782696339
-0.29928919692496042
-0.14591290987260572
-0.21925566293119694
0.16582563373291587
0.22210368180934018
0.097344467671821491
-0.040725057177794989
0.36384031040310094
-0.12914825185490109
0.24784077960443426
0.044493308576067925
0.35494510958661479
0.081109562670512336
0.22912258208936703
0.129172416128262
0.0342893825759693
0.28772771190157731
0.2220806114002557
0.21212243655083587
0.3095219390263676
0.32764982760600764
-0.064567909540495308
-0.51063615626718029
-0.063144214651835381
-0.20460330977940985
-0.19454306868484092
-0.23612804947794255
-0.041271187715223333
0.047851837839973682
0.080444655779416938
0.01484361965291244
0.054623013168895652
0.048111689823394366
-0.023564170853656023
0.35459691612863348
0.060555609025423028
0.19662637728682911
0.15092152012274865
-0.25945563756747358
-0.37570179874060206
-0.45698039200663243
0.076148097819853724
-0.11697485723833383
-0.048224236448032948
-0.19536372945405911
0.13909055242076518
-0.25237019912826453
-0.21629705784317152
-0.16391339550596884
0.41123900203460279
-0.022690343661925891
0.15260395294026741
-0.086669160857733032
-0.032363073706050384
-0.21115765254281679
0.29684695899423813
0.30406176351830022
-0.074613397104623516
-0.0036965971475782958
-0.3729311096465715
0.094930621076986882
0.23425600958010809
0.21955279148127138
0.099215865311262183
0.15538552784494714
-0.34188934936141635
-0.50116193604275894
0.10652608661242742
-0.021124975385381523
-0.26813306733928366
0.17903369847626663
-0.20634868251213248
0.29131227148283156
0.35352027902619237
-0.0956466351154696
0.025598039269268031
0.29823621863584104
0.3236900077777638
-0.099428490341665052
0.13654654717808973
0.20683603803176467
0.26599294818141778
0.30405916463854155
0.20548270776286498
-0.02400553232918487
0.22894780516374244
0.13268683909155018
-0.07726661504875372
-0.39732399692498632
-0.028792019016735306
0.50156743953557814
-0.0091755363987012888
0.0087453926937932653
0.24042144152750239
-0.2288532087085631
0.18919217709658756
0.0085163029506057312
-0.073789516917887002
0.19320780968304052
-0.198271894262459
-0.09968677774699955
-0.32566942669806287
-0.13673142622448708
-0.32547685055402248
-0.03045989252467823
0.079874639991043342
-0.13212247988511633
0.34967858426472814
0.36396709697096469
-0.0010504969483693309
-0.18167725675548468
0.1907964617375778
0.42989488289936684
0.073396679967214121
-0.1137886838002836
0.27200079182609804
-0.04014308571428081
0.033282191048357189
-0.30778346067752721
0.27056848305979631
0.12345996229224993
-0.26720478745017467
-0.0089483408310356144
-0.13981124782632928
0.21157958110185265
-0.26240530935202644
-0.30814256772713911
0.18912503614777967
-0.25079947069807296
-0.26323562088994529
0.19159626376538128
0.21716152062891908
0.049832681008556784
0.45239516613820924
0.52459832403799667
-0.10807693267122982
-0.21291735749067578
-0.10575858234507146
0.15718237910157151
0.25897551447751327
0.043910048223753308
0.41028974247566796
-0.10411973326454188
-0.20052980120700692
0.15368014050843834
-0.073355691009970692
-0.0054762697909178423
-0.0011545951054179055
0.057003118084245179
-0.14216728098925902
0.25391364080997308
-0.087774055700422432
0.042967927802416241
-0.27419775337425134
-0.20416287105211567
0.20743505587227459
-0.70978476839296245
0.064799448689812855
0.038945328496435401
0.037274601050857781
-0.048154879933093621
0.23038328260934993
0.3913088625609506
-0.074727280405427601
-0.048602268550974465
0.10118893741351263
-0.073838973749932216
-0.081980697057324539
-0.080321953257396175
-0.099264587726945699
-0.24214926597952471
0.046985985702891482
0.0084311736666770574
0.14907367690010601
-0.12489328614806375
0.016170719371950446
-0.051017212003383834
0.2819674733680908
0.5731806205505684
-0.058264992852054366
-0.43927340967581363
-0.049832973667751135
0.084967563690136819
0.2849498198333365
0.35333866843441541
-0.20563926121219681
-0.15484708909882147
-0.044938271092759184
0.05487843240616494
-0.083415596573014825
-0.065154564040014545
-0.012337071364431981
-0.32477311018786054
-0.14385801291765218
-0.11858859917438921
0.072826028915877042
0.14044141104847158
-0.25715175352339059
0.37489290524378616
0.047745171469856622
0.28108044935218113
-0.078458721727904343
0.082317659121627848
-0.19369499242146199
0.011662401102740604
-0.1354396368035316
0.29668616534135067
-0.00069997678323293103
-0.14670928996817501
-0.60324568434855186
0.34625436151629069
-0.036108757343554732
-0.011479249460060589
0.098512309587549585
0.31058773441172111
-0.18587807801722833
0.12411152961333304
0.24811992815388517
-0.21427748258877696
0.039832412434758407
-0.17250101347535216
-0.43322377359578407
0.48905163648067085
0.048463446170070132
-0.051883863330960969
-0.13046586800702867
0.12680421224534186
-0.25012934680374427
0.034017196660146173
-0.23454104588601316
-0.078182089779944244
0.12546342448689707
-0.05903833087405299
-0.11686219328496097
-0.023306070430152735
-0.38990431966850742
-0.15639887929261934
-0.076526852492264361
-0.15471578364386968
-0.20605464666466536
-0.11007367391160633
-0.078960352289517477
0.15500509744911542
-0.27396758001990662
0.55650956707455546
0.039689411995842867
0.33327350528929933
0.3532596643166937
-0.13205381626509677
0.17235845847930997
0.24335040507187122
0.072239558514797589
-0.44242441288730533
-0.30004290796060262
0.073188952050101772
-0.22919663210192581
-0.06189512074950182
-0.025868611958180139
-0.22753571593898428
-0.11090753634596713
-0.11706099560654286
0.045487310442851675
-0.32494481281066068
0.17819332948640143
0.12526295834459988
-0.16986710089508153
-0.49737551253840556
0.065232921191365603
-0.053289913940062217
-0.26683041238043448
-0.4967436328390471
-0.058381551949888401
-0.078912008229543196
0.017644481731626565
0.16554551848564089
-0.22181236965801218
-0.38345186603439219
-0.02173599243877529
-0.03053415486033351
-0.084159899385645429
-0.056645684194323163
-0.19058372881717461
0.014993528800055344
-0.18735129833516001
-0.45178056389823684
-0.26872174327737536
-0.060415006261558976
0.18310789124259369
0.34278031016881005
-0.072936927610139188
