15429549013.515516
-3.8525095789497761e-08
10482795205.779051
-2.1506416144076286e-07
10235964907.855629
-7.7435463098416471e-08
20948882389.094204
1.1669621801836234e-07
24583227289.269508
-7.7743315141426101e-09
15803936444.936401
-2.1231146773235506e-07
12877443662.120396
4.9003524605316373e-08
18573892687.215702
2.329673449259698e-07
19791545390.895786
2.235443754753966e-07
27697886964.317783
3.0737284387037839e-08
16851450822.447847
7.8278116021453761e-08
12020347144.382042
-7.7696662562225136e-08
19047686599.493736
-3.7528666116642512e-07
11084595789.594107
-1.8582515837769536e-08
23279643935.681519
1.3406270532372686e-08
14950521713.566851
-1.7704664327209979e-07
18225724869.74176
2.4958787037813563e-07
25674059063.544792
-7.1794954731311991e-07
30368138265.092716
4.8055568407843067e-07
13899892709.454628
3.3571384330023458e-08
12422013021.171267
-2.1078346676330989e-07
26326464173.618259
-7.9429092167923017e-08
14705667598.126087
2.6002856783472516e-07
10568080389.294909
2.621252751927363e-07
16223986291.099434
3.1700455493998359e-08
13628633454.296679
-6.1182412059385411e-08
19650244897.994499
-2.0381687492308261e-09
19199294192.466705
2.3967367127080777e-07
23585736915.623417
-1.8439642701515505e-07
21316232834.308811
-1.0916960868859334e-07
29436453833.276978
4.0219804866779194e-07
15208267439.306028
-2.4750348660863234e-09
24850387260.13739
-4.6151649712640343e-08
13184141745.061077
1.2308068497876219e-07
10574466784.308214
1.6534797114955029e-07
18023331661.501392
8.650442257730138e-08
16852338939.122559
-2.0535642587107892e-07
13805122248.893099
-4.3659046551624601e-09
9501050506.065094
2.5487632271392735e-07
20552248457.328049
4.9474857610949153e-07
9930498451.3039131
-8.4601753326025664e-08
21306604733.465588
-1.4969837450407489e-07
23550311428.822491
1.3830328182710796e-07
16378044567.680702
-1.698793458738486e-07
20012678712.647381
-1.7031192073561728e-07
12652306564.372963
-6.9606060785330105e-08
14665443695.439926
-1.3949604114893118e-08
26835521688.608612
4.8579979821522787e-07
11323457268.323599
1.1076285089160869e-07
15898844255.334833
-2.3935893980748404e-07
13950315866.771519
-2.2900147721933591e-07
23460066349.814537
-1.0900055594266392e-07
9395457508.3850288
7.1692373157068834e-09
22531385541.740402
-1.3578579258386368e-07
11669818563.893238
1.1505217212498345e-07
20906589424.975922
1.9230665657781747e-07
18674670576.241554
-1.6385000389870639e-07
16126718899.371605
1.8627908213947854e-07
17539642274.460541
4.4069564261518303e-08
15210776616.345602
-2.030478771302556e-07
13341772698.515942
-1.9312641406928062e-07
27945332265.550938
3.3171617065799212e-07
12802926752.608755
-8.9581568910265739e-08
19223822295.678638
-4.8678187264631857e-08
17850961357.383354
9.4370512003084525e-09
20984766815.660107
4.0329631042166409e-07
10303644993.233328
7.5375472922110708e-08
12499251710.027153
1.1873266680870874e-07
23835925344.241062
6.967450037895045e-08
15819393791.100649
1.8786751796156811e-08
12903880036.108418
-2.8356452116384695e-07
12144714823.688978
-1.1623997568159721e-07
19891736867.223942
1.247453869112455e-07
19218581227.599899
-3.8621408048727142e-07
29285294503.209797
-4.3281999245880345e-07
17291082241.685837
-1.6353879089385425e-07
26042709906.819927
-4.0646655327330969e-07
15639472047.552284
1.0811589828897846e-07
21647756699.160233
-3.0136106890641578e-08
10950952515.95075
-3.0681984430693981e-07
13396853141.543793
-1.0879339778160244e-07
19783875007.93681
-4.5219265695503052e-08
30395243488.940243
5.4271174459576279e-07
12702058090.77055
-2.5312357519810738e-07
11245005283.254431
4.9670254192488193e-08
16218501338.743475
2.5086139770232118e-07
17394195422.262394
4.5626598985118124e-08
24896727421.54443
2.3095421039707318e-07
10224688373.840973
6.0635367812264397e-09
23391662978.162872
-2.4350569183316519e-07
24817619423.727859
-4.7333529504959882e-07
12570202183.322542
-9.5436970352067213e-08
23205331407.427292
-1.9337973331493734e-07
15840036587.88562
-6.6145249471695924e-08
26575940591.804813
-3.5067902252471045e-07
11119842295.859901
-1.962391980674978e-07
20022610564.879292
4.7592452334707046e-07
16974637600.023211
3.0082456392663975e-07
14686016747.590296
5.7274490500929215e-08
19217354799.479118
4.7357662413821536e-07
